MAG
MAE: 237.629427153883 K
MAE/Range: 0.14741302004701123

BG
MAE: 0.636901688056856 eV
MAE/Range: 0.10272607871884773

SCON
MAE: 17.10961536112419 K
MAE/Range: 0.13742662940662
